413811
413811
-144500
-99191
-25248
11730
-3074
-27308
-26019
-4300
6059
-5416
-18406
-13848
1791
4904
-10148
-37149
-4962
-2364
2538
-381
-5199
-2714
2404
2829
-1817
-4044
-490
3807
2378
-1752
-2542
1430
4751
1676
-1275
-534
2817
4535
1552
-853
302
3900
4385
1151
-796
1419
4741
3706
500
90
2354
4500
3226
481
428
2843
4626
2535
-17
824
3314
4116
1475
-230
1242
3240
3151
617
-418
1186
2930
2379
-324
-821
1157
2605
1172
-1372
-896
1126
1754
-54
-1984
-1011
657
926
-1017
-2595
-1302
428
206
-2194
-2940
-1221
237
-1038
-3096
-3099
-1159
-442
-1640
-3501
-3075
-1169
-704
-2220
-3958
-2888
-761
-1037
-2891
-4013
-2104
-750
-1449
-3078
-3485
-1639
-548
-1397
-3026
-3092
-878
-36
-1436
-2977
-2189
165
182
-1441
-2332
-1024
862
450
-985
-1594
-47
1734
998
-662
-853
1324
2646
1181
-242
382
2588
3119
1471
598
1472
3527
3667
1950
1134
2457
4646
4080
1974
1576
3973
5486
3829
2392
2751
4577
5648
4067
2680
3312
5273
5991
3910
2573
3809
6020
5908
3270
2930
4628
6138
5299
3038
3003
4774
6177
4777
2466
2860
5072
6087
3810
1676
3004
5325
5381
2662
1336
3150
5047
4656
1719
803
3033
4938
3896
422
362
3358
4860
2546
-647
379
3658
4237
1367
-1336
486
3882
4006
100
-2211
1007
4716
3300
-1123
-2515
1896
5672
2757
-2465
-2161
3818
6768
2316
-3574
-1417
7085
10445
1151
-4828
942
10877
11174
-3
-5457
5794
20927
17654
-1592
-6030
27086
67718
57957
