412892
412892
-21228
54292
64261
26957
-5106
-11
21792
25819
8819
-4571
3164
17562
16975
2826
-5044
35474
-27118
-205
-607
-4069
-451
4313
3460
-1426
-2617
1858
4836
2622
-1966
-1748
3296
4743
1171
-2075
330
3672
4300
1078
-1217
1162
4606
3880
754
-342
2239
5092
3475
531
595
3522
5126
3063
1020
1362
4393
5422
2995
1193
2478
5484
5358
2717
1793
3683
6048
5064
2820
2482
4431
6218
4919
2851
2836
5141
6483
4405
2608
3455
5717
6072
3770
2672
3926
5722
5516
3244
2554
3947
5648
4878
2412
2245
4107
5438
3847
1652
2264
3972
4459
2585
1100
1941
3483
3693
1546
262
1584
3136
2706
123
-321
1580
2409
1227
-839
-593
957
1499
191
-1678
-1132
521
862
-976
-2605
-1317
315
-116
-2176
-2992
-1267
-223
-1028
-2833
-3200
-1419
-577
-1565
-3516
-3328
-1189
-718
-2328
-3952
-2880
-867
-1151
-2813
-3801
-2343
-740
-1260
-2881
-3634
-1780
-224
-1252
-3130
-3178
-525
-319
-1505
-2608
-2240
16
270
-1289
-2354
-1382
880
804
-1074
-1955
-290
1939
1049
-1391
-1070
1134
2491
936
-608
-211
2008
3005
1199
-284
462
3040
3449
1159
-163
1420
4020
3414
716
327
2366
4357
3165
602
571
2941
4709
2754
33
607
3674
4768
1664
-592
1048
4136
4142
458
-1165
1226
4118
3380
-907
-1997
1228
4191
1978
-2788
-2984
1583
3891
-288
-5245
-3549
1715
2798
-3006
-7822
-4572
1870
1383
-8541
-8188
-4737
2417
-1141
-13089
-16305
-5825
2871
-7456
-27220
-29789
-8680
3502
-29653
-99021
