2048
1536
3327
 512
3840
 510
1791
 512
1536
1535
2047
1280
2816
3584
 255
2560
2816
1535
 512
4095
1792
 768
3584
3327
1024
1280
2047
3072
1792
1280
1024
3072
 768
2303
3584
3583
1023
 256
2048
1279
2048
1023
1536
2815
1280
 512
2047
2560
 512
2815
 768
1279
3071
2559
2303
   0
1280
1023
2816
2047
3072
1535
1280
3327
 512
1280
1023
2047
3840
 512
 767
2047
3327
1024
3840
2815
3071
1535
3840
 768
 768
2816
1279
 255
3840
1536
2303
   0
 768
2047
 255
3072
3328
 768
2303
2304
   0
3584
   0
2816
 512
1536
 512
2815
 256
2816
2816
1792
1536
1536
1536
2560
3839
2304
4095
3072
1791
2559
3328
1023
 511
 768
1791
3584
3071
2304
3583
2560
1024
1791
3839
1791
 511
 256
3839
1791
2303
2047
 511
1535
1023
1536
 767
3839
3328
2816
3072
3583
3071
2304
3839
2048
 767
1280
2047
1024
3583
1535
3584
1024
2559
2560
2048
3328
2816
 256
2815
1024
   0
1023
1791
3072
2304
   0
2304
3072
3584
1536
3840
2815
1535
3840
1024
3839
2816
 256
3840
 511
 512
1535
 768
1791
3839
3840
2816
 256
 256
3327
2560
3583
3839
1279
3328
2303
1792
2047
2047
 511
2304
1535
3839
   0
2816
 767
2048
2303
4095
4095
3839
2303
3071
1792
1536
2047
   0
2303
 512
1023
 255
2048
3072
 767
2047
1023
1535
1792
3327
2303
 512
3072
1791
4095
3841
 512
3584
2816
3071
 768
3840
 256
1279
1536
2816
2304
3071
3072
 768
2560
 255
2304
2816
1022
 511
2305
   0
4095
1279
1792
3584
3840
2815
3071
3328
2303
   0
2048
2048
1279
2304
3071
1280
3584
1279
1536
1792
3072
1280
4095
1536
3839
3071
 255
2047
2304
3072
3839
 255
3839
2815
 255
2304
3327
1791
3840
3327
2815
1535
2303
1023
2559
 511
2560
3328
1791
4095
3840
   0
2815
1279
 767
 512
1535
1023
1792
3071
2816
3583
 767
3584
2304
3328
2560
3583
2816
 511
1280
1023
2816
2559
 256
 512
 256
3328
1280
 511
 768
3584
3328
2047
1791
1024
2560
3583
4095
1535
2047
 256
2559
2303
 768
1024
2559
3583
   0
3583
 511
3071
2559
2048
4095
 512
2559
3583
2560
1023
 256
 768
2304
2560
2560
2048
1023
1792
 767
 511
2048
1024
2816
2304
 511
 256
3840
2048
2304
3072
1280
2048
1535
3584
2304
4095
1791
1791
1024
3584
1791
1792
2816
1280
3327
1024
1279
3840
2815
3583
1792
2560
 767
 511
1279
3583
3583
1536
   0
2815
1536
3839
3072
1535
2303
1024
 511
 512
3072
 256
   0
 511
2559
2304
1536
4095
2560
 768
1280
2815
1536
 255
 512
 767
3583
1280
1280
 256
3328
2559
3584
1536
3071
 768
3839
1280
1535
3071
4095
3328
1023
2559
2047
2303
3328
3840
2559
1280
3071
1791
1535
2047
 255
3584
2303
1023
3583
2816
3583
1023
3583
3584
2047
3584
4095
1023
 255
1535
2047
4095
3840
1791
4095
2049
1023
1792
1024
2047
2816
2304
1792
 255
1536
 512
 511
2559
 512
 768
