3806
1027
3903
2593
3312
 101
3365
2281
1935
  39
1151
3670
1740
2714
2946
 890
1873
3611
3852
3750
3199
2683
1378
1894
 509
1717
  48
1921
2826
1240
1818
2135
3060
1440
1502
2843
1719
2291
 733
2444
1868
1860
3099
 407
3595
3653
 391
3043
2967
2487
2123
2441
1652
 997
1265
3554
 618
2453
1588
 875
2930
3381
3415
2905
3388
 906
 442
2252
3920
 368
 149
1782
3441
1792
3325
3881
3300
1409
3401
 683
1857
  25
1462
3167
1113
 490
1164
1734
1786
3093
3787
2365
2842
2626
3222
1750
 453
 248
3188
2671
2062
1722
1513
2742
 399
1420
 640
 152
2852
 445
 644
2763
3131
4068
1425
1457
3949
3425
3260
3695
2448
1585
1097
 112
3045
2605
1963
 479
 402
3977
 455
2743
1918
4035
1413
3375
2445
1183
 533
1144
1024
2232
4062
 748
2591
1809
  54
 686
2035
2359
3014
 974
2877
  73
1618
1909
3760
1832
2512
 537
3752
2218
1860
 519
3169
3781
3615
2888
2542
3612
2893
4039
3857
1411
2583
3909
2703
3801
1895
4091
2376
3959
2295
3862
1400
 683
1094
 963
2190
1753
2205
3619
3504
1510
3888
2184
 338
 100
 377
2646
 315
 150
2563
4029
1940
3997
2639
2675
1675
3375
2824
3149
4065
2524
 816
2826
2204
2741
2591
3129
3580
2226
2624
2874
 187
2002
1546
3115
3538
3474
 107
1442
3511
3912
1860
 966
2684
3715
1414
1129
2635
3576
3165
3491
1715
 571
2512
2565
1686
2887
3585
3782
 955
2601
3073
1285
1936
  53
1422
 688
 246
2674
4060
 552
 593
2065
3726
3850
2476
3672
2665
3663
2885
1222
1687
 154
 757
 644
2332
1907
  92
 645
3151
3523
1306
 882
 367
 869
3725
2191
1486
3788
1022
3100
3631
1811
1807
1485
3184
3442
  16
 878
3523
2151
2294
2851
1762
1612
1269
 249
 964
1216
2170
 221
2361
1458
3491
 817
2347
2206
2189
 294
2327
1246
1638
3224
1530
3099
1885
3929
3875
3369
 285
1886
3342
3751
3035
 355
2244
1931
3999
 263
 904
2539
3350
 570
2257
4052
2376
3530
1684
2602
2424
2092
  52
1839
1246
 338
  65
 810
 613
 470
 255
3614
2916
1663
  80
2969
2436
3030
1535
 125
3917
1050
 672
 277
1820
1562
  82
1615
2813
3056
4082
1344
1468
2353
1560
3262
3880
2596
 920
2012
 729
 311
2292
 794
1488
3254
3211
 917
 915
 822
 915
1060
1195
3980
1510
 519
   0
 341
2619
3299
2866
3316
1269
 523
 647
  85
3700
 642
2780
2548
 105
 711
2861
4067
3890
1546
  12
1996
 479
3137
 916
1683
 940
1426
 151
2319
3608
1122
2608
1515
3467
 814
 113
2131
3605
1074
2487
3788
 819
1976
1040
1726
2614
1149
 333
2491
1567
 799
3299
 668
2918
  13
  73
2505
2302
2511
 573
2529
1910
 763
 382
1228
 845
4010
2708
 792
1792
2878
3012
2224
 338
1351
2244
3154
3267
1872
3179
1582
2307
4042
1420
2135
3894
2327
2838
2468
3359
1301
 619
1702
 532
 537
 906
3806
 746
 173
3663
3884
3862
 488
1936
