  7698944
 -2199041
 -6961920
 -1347328
 -6062080
  4003584
  7577600
   795904
  3632896
  3610367
  -905729
  3607040
  2095359
 -1127425
 -2095617
  -937985
   741887
  2565888
    19968
  -285696
  -722432
  -923904
  -336640
  -174848
  -357888
  -266752
   312576
  -215296
   262144
   369408
  -365824
   -76800
    35584
     1536
  -184320
  -638464
   198656
   142336
   237568
  -383488
  -500736
  -256512
  -274944
  -126464
  -526592
  -670208
  -151296
   123136
  -214528
  -445440
  -362240
   165632
   197376
  -114176
  -657664
  -233984
   333312
   176384
  -462080
  -278016
    96000
   285184
   122624
  -308224
  -290304
   108288
   431360
   -32768
  -558080
  -151296
   551680
   301056
  -274944
  -340736
   158976
   504576
   198144
  -329472
  -310016
   313344
   533504
   -40705
  -427008
    43264
   615936
   328960
  -193536
  -307200
   141824
   501248
   289023
  -198912
  -242432
   271104
   683520
   107007
  -398080
   -37376
   694784
   489471
  -161280
  -262912
   218112
   677888
   255488
  -250625
  -239872
   454656
   748288
   155647
  -346112
    76032
   662272
   487935
   -79873
  -213248
   249600
   718848
   493823
  -151297
  -275968
   469504
   890112
   172031
  -385792
    75776
   850944
   595967
  -100097
  -176896
   332544
   800000
   441087
  -153089
  -140800
   596224
   849664
   223999
  -294656
    98816
   763392
   701951
    77823
  -192768
   323840
   939264
   583935
  -209153
  -178176
   682752
  1027583
   228351
  -329728
   203264
   943360
   707583
   -16641
  -183552
   427776
   952320
   561663
   -41217
   -39424
   766464
   993535
   357119
  -169472
   164864
   965120
   861951
   157439
  -144896
   397568
  1088000
   705023
  -131073
   -35840
   828928
  1161215
   337407
  -228096
   299008
  1044736
   854271
   115967
   -91904
   546048
  1161216
   845823
    22271
   -86784
   844288
  1066239
   533503
  -138241
   266752
  1211904
  1269759
   150527
  -262656
   653312
  1558527
   964095
  -136705
   296960
  1028864
  1195007
   523007
   -33025
   330752
  1402368
  1275391
   472319
  -200448
   876032
  1424384
  1115391
   -64769
   -58880
   946944
  1549823
   949247
  -412417
   271104
  1525504
  1367807
   565503
  -268801
  1327616
  2270719
   768767
   215807
  -585473
  1104896
  1805823
  2135295
   573951
   421120
  2339328
  2224127
   379903
  -317953
  1094143
  3816959
  4165119
  1289983
   152831
  7802368
  3368191
  4723967
  1691647
  1700863
 -6814209
  3075327
  -838401
 -2739201
