   -23708
     3819
   -22856
   -18891
   -24020
   -24062
    -9195
   -42775
  -130982
   119442
   -18611
    -2873
      130
    -2370
    -6036
    -3041
      753
   -12428
    -5728
    -8425
     -451
    12286
     2620
    -2330
    -2094
     -451
   -29197
    10792
    13627
    11952
    -1248
     3924
    -7108
     2847
    16433
    -4892
     8031
    -1309
    -6039
   -16879
   -15070
    -2615
    -5708
   -63660
    60282
    -6907
   -13244
   -15909
     8845
     6436
   -18835
   -12959
   -22239
    -3659
     -676
    -9632
    -3746
   -12732
    -9366
   -14987
    -9279
   -23105
     6396
     4362
    -4620
   -21882
    -7281
    12952
     -703
     5838
   -11304
   -11253
     9501
      956
   -15148
    -7368
     -627
    -2296
   -12967
    12227
     2599
    17424
    -3576
      883
     2297
    -4620
     7803
    -1431
     5536
     1878
     6441
     6347
    -7266
     1317
    -2246
     -447
     1320
      968
    -5185
     7206
     6555
    -6022
    14259
    -3720
      -80
     7706
   -11624
     5688
       16
    -4056
    -9210
   -11101
   -11955
    17163
     4973
    -6993
     -422
    -4514
     4216
    -3000
    -4189
    -1375
    -4306
     8387
    -6519
     4496
    -4455
     1002
     3432
   -11284
   -22109
     7738
    13631
    -1643
   -12696
     8036
    -1883
    12927
     3078
   -15600
     8705
     6073
     7111
   -21393
    -3288
     1151
     1917
    -8376
     5597
    -5555
     3089
     3001
    -3659
    -1827
    -9252
     2615
     1238
    -9687
    -1503
     -147
    26290
   -26488
   -13344
    -4535
    -4932
   -12654
      648
    -5200
     2315
   -18018
     6372
     4477
    -4613
     7376
   -12481
    -5608
      374
     8806
   -18378
     -426
     -404
   -10928
    -4399
     8791
     1183
     5427
     -265
    -1644
    -1280
      654
     3459
     9937
    15008
     2971
     -581
    38445
   -22500
    -2609
     9565
    -1552
     -652
     9328
    -3759
    20649
     5812
    12781
    23732
    -3320
     3008
     3673
    13771
    16034
     9415
    -9930
    -9240
     5848
     1137
     7761
     5241
     5522
    -2791
   -11696
    -4154
    -7970
    17114
     6041
   -14520
     3901
     8167
    33425
    -4448
   -13101
   -41911
   -26615
   -21195
    -5283
     1637
   -12597
    13450
    10366
    -3367
    -6665
   -10908
     4003
    15203
    13670
    -8697
   -18307
     5212
    -2444
    -3785
    -8464
     3111
    -4845
    -3523
   -20433
