409370
409370
-31534
49723
82604
56756
11680
8058
71624
204376
-237140
-9235
2902
-9582
-10133
-6484
-6298
-1892
3655
2535
2618
1692
40
-293
-833
-2081
80
1380
362
1590
1186
-191
2526
1822
949
0
-1075
2174
2106
2112
-38
177
1462
270
1174
-1693
-565
1240
1758
28
-488
432
2640
2405
822
-721
1392
3417
2370
67
1230
2719
3386
2757
1180
1317
2884
4262
2599
464
1847
4718
4102
1914
1232
3000
4593
3761
1852
1173
3159
4698
3411
1272
1703
4080
4172
2475
727
1647
3699
4037
1969
127
1426
4117
3391
237
-193
2395
3379
1483
-461
-172
1698
1973
957
-1185
-912
1680
2144
-882
-2734
-813
1423
366
-2126
-2834
-788
407
-704
-3471
-3617
-842
116
-2315
-4498
-3366
-1142
-1050
-3436
-4889
-3814
-1268
-1438
-4526
-5932
-3170
-872
-3033
-5734
-5132
-2235
-1776
-3868
-5876
-4947
-2403
-1836
-4190
-6098
-4395
-1575
-2091
-5038
-5902
-3232
-932
-2398
-5267
-5036
-1612
-937
-3012
-5309
-4054
-938
-752
-3170
-4721
-2664
-244
-656
-2775
-4197
-1558
1134
-240
-3420
-3510
326
1795
-766
-3161
-1568
1575
1798
-745
-2676
-1023
2142
2463
-1020
-1713
394
3160
1855
-1752
-2249
1978
4114
1112
-2832
-1200
3159
2881
148
-1229
-13
2794
3109
-828
-2221
-838
4858
1801
-1407
-2987
1991
4313
1269
-3517
-3350
2801
3371
-1755
-4159
-4375
2041
5
-3715
-3568
-1806
-53
305
-7477
-11902
-7020
1346
2156
-12562
-11107
-7415
-2824
-9976
-21118
-18832
-10777
-2624
-7665
-27555
-32484
-15694
-5281
-30286
409370
