0
-139663
-363
-5263
163
15639
-141
-62427
55
-182506
-14
14090
31
-4405
-32
-3665
11
10023
0
-1116
-12
-3609
-6
-683
-6
-1042
4
-841
4
1443
-6
-300
0
6
-3
-2494
3
556
3
-1498
-8
-1002
-5
-494
-9
-2618
-3
481
-4
-1740
-6
647
3
-446
-11
-914
5
689
-8
-1086
1
1114
1
-1204
-5
423
6
-128
-9
-591
8
1176
-5
-1331
2
1971
3
-1287
-5
1224
8
-160
-7
169
9
1285
-3
-1200
2
1958
4
-777
-4
1059
10
417
-7
-146
10
1911
-3
-1027
3
2648
3
-980
-4
1776
11
607
-6
297
10
1905
-2
-833
3
2808
7
-592
-5
1834
13
671
-6
296
12
2327
-2
-691
5
3125
6
-599
-3
2329
12
874
-5
386
11
2741
1
-753
4
3669
8
-818
-3
2667
15
891
-6
794
14
2763
-1
-717
6
3720
8
-162
-1
2994
15
1394
-3
644
14
3366
2
-566
6
4250
10
-513
-1
3238
17
1317
-4
1168
15
3336
1
-359
8
4536
12
86
-2
3298
16
2083
-3
1042
18
4959
2
-1026
9
6087
14
-535
4
4019
18
2042
-1
1292
21
4981
7
-783
13
5564
17
-254
-1
3699
23
3707
-7
1059
23
5342
8
-1051
20
8869
11
842
-9
4316
27
8340
8
1645
35
8687
5
-1243
16
14909
63
5038
2
30478
51
18452
25
6643
152
77548
243
-10701
